1 -3.29038 -0.729249 4.47968 0.0342713 0.0188838 0.857412 -0.51314
2 -3.29272 -0.726626 4.48283 0.0338119 0.0196518 0.857458 -0.513066
3 -3.29361 -0.724994 4.47728 0.0339621 0.0204704 0.857616 -0.51276
4 -3.29654 -0.711988 4.49024 0.0354147 0.0204481 0.854558 -0.517744
5 -3.28938 -0.724145 4.47416 0.0342624 0.0201261 0.856871 -0.513998
6 -3.29223 -0.728708 4.47763 0.0353361 0.019301 0.856772 -0.514121
7 -3.29672 -0.717075 4.44159 0.0369595 0.0228382 0.8564 -0.514482
8 -3.2885 -0.722672 4.46985 0.0337224 0.0193857 0.85678 -0.514213
9 -3.27903 -0.695371 4.4195 0.0304773 0.0220714 0.857929 -0.512388
10 -3.26285 -0.663565 4.3894 0.0272646 0.0166571 0.858994 -0.510988
11 -3.22456 -0.576359 4.20189 0.0228787 0.0231467 0.860253 -0.508827
12 -3.23675 -0.562215 4.16713 0.0305171 0.0169577 0.858321 -0.511924
15 -3.10965 0.641434 3.37561 0.0370798 0.0205782 0.798046 -0.601103
16 -3.10589 0.691385 3.26201 0.0309033 0.0171616 0.803989 -0.593593
17 -3.10285 0.76322 3.13908 0.0330941 0.0198427 0.802749 -0.595068
18 -3.00363 0.740913 2.79958 0.0431713 0.0199868 0.799291 -0.599058
20 -3.04296 0.868003 2.63568 0.0374821 0.01998 0.802841 -0.594679
25 -2.97942 0.996932 1.75431 0.0454095 0.0107561 0.792672 -0.60786
30 -2.9237 1.45923 0.8298 0.040678 0.0170702 0.764331 -0.643313
31 -3.00622 1.56712 0.650418 0.0311033 0.00831603 0.768712 -0.638784
72 -1.21836 1.4644 1.32425 -0.437324 -0.514444 0.557709 -0.482759
73 -1.21083 1.43751 1.3135 -0.438632 -0.512614 0.555862 -0.485641
74 -1.21717 1.45066 1.30848 -0.438635 -0.514169 0.556379 -0.483397
75 -1.21359 1.44655 1.30553 -0.438996 -0.513029 0.556564 -0.484066
76 -1.21523 1.44867 1.30225 -0.438833 -0.513369 0.556575 -0.483841
77 -1.21545 1.44858 1.30237 -0.438927 -0.513493 0.556567 -0.483633
78 -1.21485 1.45376 1.31724 -0.438497 -0.513425 0.557093 -0.48349
79 -1.22055 1.45551 1.32102 -0.438764 -0.513814 0.556869 -0.483092
80 -1.20727 1.45901 1.31691 -0.436601 -0.513542 0.557888 -0.484165
81 -1.21025 1.44773 1.31098 -0.437461 -0.512854 0.556948 -0.485199
82 -1.26308 1.4567 1.28567 -0.44092 -0.51611 0.555776 -0.47993
83 -1.21333 1.4438 1.20936 -0.438855 -0.511084 0.555982 -0.486912
84 -1.23881 1.43941 1.08861 -0.440643 -0.515363 0.551909 -0.485419
85 -1.24632 1.4834 1.00401 -0.44158 -0.516617 0.551862 -0.483283
86 -1.23378 1.45097 0.877195 -0.44226 -0.515568 0.548651 -0.48742
88 -1.22843 1.49328 0.707112 -0.426865 -0.529586 0.56113 -0.471654
89 -1.22348 1.50984 0.569018 -0.429726 -0.527401 0.560092 -0.472737
90 -1.17576 1.55835 0.472163 -0.421555 -0.526525 0.562348 -0.47836
152 -4.09449 1.65367 -0.494383 0.659937 0.750159 -0.0166043 0.0383239
153 -4.0841 1.69862 -0.507289 0.658607 0.751423 -0.0208776 0.0341212
154 -4.14761 1.72194 -0.457148 0.657092 0.75302 -0.0170645 0.0300005
155 -4.14753 1.72196 -0.457142 0.65712 0.752996 -0.0170741 0.0299811
156 -4.03681 1.6645 -0.55264 0.66034 0.749594 -0.023079 0.0390724
157 -4.07436 1.71412 -0.509857 0.658939 0.751135 -0.0239979 0.0319386
158 -4.13096 1.74321 -0.464727 0.656125 0.753763 -0.0198371 0.0307738
159 -4.12855 1.74289 -0.461085 0.654984 0.754795 -0.0176479 0.0311263
160 -4.12688 1.7099 -0.47468 0.657802 0.752299 -0.0181778 0.0318309
161 -4.08929 1.71424 -0.506942 0.657553 0.752321 -0.0215145 0.0342687
162 -4.08928 1.71424 -0.506921 0.657563 0.752314 -0.0215131 0.03424
163 -4.04878 1.68841 -0.54031 0.659129 0.750788 -0.0235757 0.0361989
164 -4.20824 1.75546 -0.454054 0.656444 0.753741 -0.0182216 0.0249639
165 -4.11197 1.74195 -0.626789 0.655695 0.754031 -0.0236785 0.0306625
166 -4.14149 1.7491 -0.692722 0.655753 0.754049 -0.0207214 0.0311205
318 -3.62015 0.905555 5.19196 0.0545381 0.034517 0.754484 -0.653138
319 -3.53812 0.86512 5.17457 0.039458 0.0315298 0.76411 -0.643106
320 -3.54615 0.882763 5.18962 0.0416383 0.0325021 0.760633 -0.64703
321 -3.53476 0.865972 5.14119 0.0418844 0.0344262 0.76179 -0.645551
322 -3.54924 0.870361 5.17282 0.0450069 0.0330258 0.760793 -0.646589
323 -3.55316 0.877063 5.1812 0.0457814 0.032787 0.75921 -0.648405
324 -3.54554 0.87025 5.17836 0.0443097 0.0317169 0.760432 -0.647128
